178
-1 0 48 32 80
-1 736 48 32 176
-1 0 224 32 128
-1 736 224 64 32
-1 1504 224 32 176
-1 720 320 112 16
-1 144 336 16 16
-1 672 336 128 48
-1 0 352 480 16
-1 480 352 32 32
-1 0 368 32 32
-1 480 384 320 16
-1 768 400 32 32
-1 2016 400 32 240
-1 768 432 64 16
-1 768 448 32 16
-1 768 464 288 16
-1 1504 464 64 16
-1 1664 464 32 112
-1 1760 464 64 16
-1 1904 464 80 16
-1 768 480 32 96
-1 1504 480 48 96
-1 1760 480 48 96
-1 1888 480 32 48
-1 1792 576 16 48
-1 1792 624 32 16
-1 1792 640 160 16
-1 2032 640 16 32
-1 1792 656 32 32
-1 2016 672 32 64
-1 1792 736 256 16
-1 224 160 480 16
-1 0 176 224 16
-1 732 176 4 16
-1 256 256 544 16
-1 1376 256 16 16
-1 224 288 32 16
-1 832 288 192 16
-1 1120 288 32 16
-1 1248 288 96 16
-1 1408 288 96 16
-1 204 304 20 16
-1 1344 320 32 16
-1 992 352 64 16
-1 1088 352 64 16
-1 1184 352 320 16
-1 876 368 20 16
-1 928 368 32 16
-1 1536 400 16 16
-1 1056 432 32 16
-1 1088 464 416 16
-1 1632 464 32 16
-1 1728 464 32 16
-1 1600 496 32 16
-1 1824 496 32 16
-1 2012 496 4 16
-1 1856 528 64 16
-1 1980 672 36 16
1 1920 608 16 32
1 1856 496 16 32
1 1664 432 16 32
1 976 432 16 32
1 1248 320 16 32
1 1280 256 16 32
1 1472 256 16 32
5 1280 416 16 16
5 992 320 16 16
5 1072 368 16 16
5 1120 320 16 16
5 288 112 16 16
5 480 128 16 16
7 1840 576 16 16
7 144 256 16 16
6 336 336 16 16
6 464 240 16 16
8 240 256 16 32
8 304 224 16 32
423 2016 640 16 16
423 2016 656 16 16
423 1888 464 16 16
423 1392 256 16 16
423 704 320 16 16
423 128 336 16 16
-102 1904 720 16 16
-102 1872 624 16 16
-102 816 416 16 16
-102 160 320 16 16
-102 656 240 16 16
-202 1952 672 16 16
-202 1984 496 16 16
-202 848 368 16 16
-202 176 304 16 16
-202 704 176 16 16
-402 1920 576 16 16
-402 832 400 16 16
-402 672 224 16 16
-2 1920 704 16 16
-2 1936 688 16 16
-2 1888 608 16 16
-2 1904 592 16 16
-2 1920 560 16 16
-2 1936 544 16 16
-2 1952 528 16 16
-2 1968 512 16 16
-2 832 384 16 16
-2 672 208 16 16
-2 688 192 16 16
519 1984 400 16 16
519 1856 400 16 16
519 1920 400 16 16
519 1792 400 16 16
519 1728 400 16 16
519 1600 400 16 16
119 1472 400 16 16
519 1408 400 16 16
519 1344 400 16 16
519 1280 400 16 16
519 1152 400 16 16
519 1088 400 16 16
619 1024 432 16 16
519 960 400 16 16
619 896 432 16 16
519 832 400 16 16
519 896 224 16 16
519 960 320 16 16
519 1024 224 16 16
519 1088 320 16 16
519 1152 224 16 16
519 1216 320 16 16
519 1360 224 16 16
519 1472 224 16 16
119 640 320 16 16
519 576 320 16 16
519 512 320 16 16
519 320 320 16 16
519 256 320 16 16
519 192 320 16 16
519 128 320 16 16
519 256 112 16 16
519 320 112 16 16
519 384 112 16 16
519 448 112 16 16
519 576 112 16 16
519 640 112 16 16
519 704 112 16 16
119 1920 576 16 16
619 1984 688 16 16
619 64 288 16 16
619 192 128 16 16
219 1856 688 16 16
319 1216 400 16 16
419 448 320 16 16
1019 1296 224 16 16
819 384 320 16 16
919 832 224 16 16
919 1408 224 16 16
919 1664 400 16 16
1119 512 112 16 16
223 1888 464 16 16
223 128 336 16 16
123 1392 256 16 16
123 704 320 16 16
16 1536 416 16 48
16 768 272 16 48
22 1568 464 32 8
22 1024 288 32 8
22 1154 288 32 8
1819 1904 720 16 16
32 1824 690 16 40
32 1950 690 16 40
30 96 127 32 32
12 1850 680 16 32
11 1830 650 16 16
25 350 278 32 18
26 418 278 32 18
27 480 278 32 18
1719 104 100 16 16